Sensor Model:   PT-100-20K
Serial Number:  Pt1012
Data Format:    3      (Ohms/Kelvin)
SetPoint Limit: 325.0      (Kelvin)
Temperature coefficient:  2 (Positive)
Number of Breakpoints:   49

No.   Units      Temperature (K)

 
1	1.15783	20.1
2	1.239	20.8
3	1.33962	21.6
4	1.44842	22.4
5	1.5652	23.2
6	1.68977	24
7	1.82194	24.8
8	1.97947	25.7
9	2.1461	26.6
10	2.3216	27.5
11	2.50568	28.4
12	2.72	29.4
13	2.94429	30.4
14	3.17822	31.4
15	3.44629	32.5
16	3.72522	33.6
17	4.04142	34.8
18	4.36953	36
19	4.73786	37.3
20	5.11897	38.6
21	5.543	40
22	5.98043	41.4
23	6.43055	42.8
24	6.95963	44.4
25	7.57238	46.2
26	8.20241	48
27	8.92114	50
28	9.73256	52.2
29	10.64021	54.6
30	11.64708	57.2
31	12.75542	60
32	13.96666	63
33	15.40565	66.5
34	17.28803	71
35	19.83742	77
36	28.86588	98
37	33.75231	109.5
38	39.16824	122.5
39	44.46682	135.5
40	49.86957	149
41	55.60533	163.5
42	61.91549	179.5
43	68.65811	196.5
44	75.87463	214.5
45	83.36426	233
46	91.08188	252
47	98.97328	271.5
48	107.05449	291.5
49	115.13033	311 
