Sensor Model:            RF-E188
Serial Number:           RHFEE188	
Data Format:             3.00	(ohms/kelvin)
SetPoint Limit:          800.00	(kelvin)
Temperature coefficient: 2
Number of Breakpoints:   131

No.	ohms	T (kelvin)

1	1.43	1.00
2	1.526166261	1.59
3	1.575070478	1.88
4	1.623974696	2.19
5	1.672878913	2.5
6	1.72178313	2.82
7	1.770687348	3.15
8	1.819591565	3.49
9	1.868495783	3.85
10	1.9174	4.22
11	1.966304217	4.6
12	2.015208435	5
13	2.064112652	5.42
14	2.11301687	5.85
15	2.161921087	6.3
16	2.210825304	6.78
17	2.259729522	7.27
18	2.308633739	7.79
19	2.357537957	8.33
20	2.406442174	8.89
21	2.455346392	9.49
22	2.504250609	10.11
23	2.553154826	10.77
24	2.602059044	11.45
25	2.650963261	12.17
26	2.773223805	14.14
27	2.895484348	16.36
28	3.017744892	18.88
29	3.140005435	21.68
30	3.262265979	24.72
31	3.384526522	27.89
34	3.506787066	31.04
35	3.62904761	34.07
36	3.751308153	36.92
37	3.873568697	39.57
38	3.99582924	42.04
39	4.118089784	44.36
40	4.240350327	46.54
41	4.362610871	48.61
42	4.607131958	52.46
43	4.851653045	56.01
44	5.096174132	59.33
45	5.340695219	62.47
46	5.585216306	65.48
47	5.829737393	68.37
48	6.07425848	71.16
49	6.318779567	73.88
50	6.563300655	76.54
51	6.813415241	79.14
52	7.06604755	81.69
53	7.31867986	84.21
54	7.571312169	86.69
55	7.823944479	89.15
56	8.076576788	91.58
57	8.329209098	93.99
58	8.581841407	96.39
59	8.834473717	98.77
60	9.339738336	103.51
61	9.845002955	108.21
62	10.35026757	112.89
63	10.85553219	117.56
64	11.36079681	122.23
65	11.86606143	126.91
66	12.37132605	131.59
67	12.87659067	136.28
68	13.38185529	140.99
69	13.88711991	145.71
70	14.39238453	150.45
71	14.89764914	155.2
72	15.40291376	159.98
73	15.90817838	164.77
74	16.413443	169.57
75	16.91870762	174.39
76	17.42397224	179.23
77	17.92923686	184.09
78	18.43450148	188.96
79	18.9397661	193.84
80	19.44503072	198.74
81	19.95029533	203.65
82	20.45555995	208.57
83	20.96082457	213.5
84	21.46608919	218.44
85	21.97135381	223.38
86	22.47661843	228.34
87	22.98188305	233.3
88	23.48714767	238.27
89	23.99241229	243.24
90	24.49767691	248.22
91	25.00294152	253.21
92	25.50820614	258.19
93	26.01347076	263.18
94	26.51873538	268.17
95	27.024	273.16
96	27.52926462	278.15
97	28.03452924	283.13
98	28.53979386	288.12
99	29.04505848	293.11
100	29.55032309	298.1
101	29.75242894	300.09
102	30.81348464	310.56
103	32.07664619	323.00
104	33.33980774	335.42
105	34.60296928	347.81
106	35.86613083	360.16
107	37.12929238	372.47
108	38.39245393	384.74
109	39.65561547	396.97
110	40.91877702	409.15
111	42.18193857	421.27
112	43.44510012	433.35
113	44.70826166	445.38
114	45.97142321	457.35
115	47.23458476	469.27
116	48.49774631	481.13
117	49.76090785	492.93
118	52.28723095	516.38
119	54.81355404	539.59
120	57.33987714	562.58
121	59.86620023	585.33
122	62.39252333	607.87
123	64.91884642	630.19
124	67.44516952	652.29
125	69.97149261	674.17
126	72.49781571	695.84
127	75.0241388	717.30
128	77.5504619	738.55
129	80.07678499	759.59
130	82.60310809	780.44
131	85.00311503	800.05
