Sensor Model:   RX-2600-typeC-Entropy
Serial Number:  RX00000
Data Format:    4      (Log Ohms/Kelvin)
SetPoint Limit: 10      (Kelvin)
Temperature coefficient:  1 (Negative)
Number of Breakpoints:   20

No.   Units      Temperature (K)

 
1	3.6125952684	10.2243
2	3.6297713605	7.976
3	3.6583968409	6.11607
4	3.7041985784	4.64943
5	3.7729008688	3.41508
6	3.8587783385	2.24404
7	3.9274807194	1.57923
8	4.0362615057	1.10164
9	4.1564885761	0.76844
10	4.2938926671	0.522376
11	4.459922968	0.331547
12	4.5916032435	0.254084
13	4.7347326407	0.188153
14	4.9122135513	0.145394
15	5.0954204371	0.112349
16	5.3129766366	0.0853239
17	5.5248087979	0.0688032
18	5.8282440893	0.0496127
19	6.1202283322	0.0389745
20	6.5782448428	0.0257755

