Sensor	Model:	RX-103-TTO
Serial	Number:	XTTO002a
Data	Format:	4	(Log	Ohms/Kelvin)
SetPoint	Limit:	100	(Kelvin)
Temperature	coefficient:	1	(Negative)
Number	of	Breakpoints:	174

No.	Units	Temperature	(K)

1	4.0106670573706324	100.00099466667
2	4.0111448774734	97.731025
3	4.012004901285349	95.505884333333
4	4.01269694882884	93.331408333333
5	4.013232969117525	91.20824133333299
6	4.013968990296233	89.13163566666599
7	4.014718096406518	87.102528666667
8	4.0153809805442595	85.122500333333
9	4.0160643112748415	83.184678
10	4.017036137148449	81.29130166666701
11	4.017727891421887	79.440533
12	4.018664638771681	77.632738
13	4.019436705097836	75.865494666666
14	4.02008565856189	74.13770933333299
15	4.021010125981641	72.45212866666701
16	4.021939979372234	70.802873666667
17	4.022852985758024	69.192447
18	4.02352793312656	67.61219966666701
19	4.024580370240116	66.08155866666701
20	4.025414316086612	64.57639133333299
21	4.02624369282631	63.104822333333
22	4.027410622203087	61.667822333333
23	4.028260683470422	60.26319399999999
24	4.029055659962325	58.89240600000001
25	4.0302680798695505	57.553824333333
26	4.031262718850438	56.249776666667
27	4.03218576807223	54.971355666667
28	4.033063597510859	53.720985666667005
29	4.034258460350128	52.497841333333
30	4.035272830134295	51.287464666667006
31	4.03626578039376	50.11998
32	4.037392244434821	48.97883333333299
33	4.038368982615551	47.863696999999995
34	4.039502026817599	46.774813
35	4.040634785736286	45.709548
36	4.041762138891746	44.668543333333
37	4.042943214268324	43.65206266666701
38	4.044035770089678	42.658312
39	4.045186552376295	41.687174
40	4.046273499228152	40.738424
41	4.047588562663012	39.811105
42	4.048757879230075	38.906086333333
43	4.050067400537674	38.019421
44	4.051310319608496	37.155512
45	4.052509003633583	36.309171666667
46	4.053690085951587	35.482427333333
47	4.054882943040063	34.675469666667
48	4.0563171404104805	33.886043
49	4.057603021414341	33.116896999999994
50	4.058775774101097	32.364552666667
51	4.060299718300276	31.627897666667
52	4.061492576590596	30.907808333333
53	4.062833839587024	30.204937666667
54	4.064360049770602	29.517026333333
55	4.065631891659003	28.845038
56	4.067076549843156	28.188931666667
57	4.06837150460706	27.546771333333
58	4.069944886835125	26.919746666667
59	4.071331060916329	26.306039000000002
60	4.07288692251595	25.705896
61	4.074327425728641	25.119217666666998
62	4.075929932674133	24.547086666667
63	4.077393647220644	23.987904666667
64	4.078951334847458	23.441616
65	4.0804383841766345	22.908235
66	4.081989547714495	22.386197666666998
67	4.083665855685799	21.877789666667
68	4.085315176848345	21.379873666667
69	4.086766156783442	20.892942
70	4.088475048794056	20.416450333333
71	4.090092006158576	19.952742
72	4.091699519669708	19.498193
73	4.093465345907357	19.0551
74	4.095173746678969	18.621063
75	4.096904419259106	18.197138333333
76	4.098632871203112	17.782955666667
77	4.1004108361254685	17.377953666667
78	4.102196585697272	16.981875
79	4.103967513694899	16.595900333333002
80	4.10578309708148	16.217986666667
81	4.107608308647776	15.849021666667
82	4.109542539800871	15.487983999999999
83	4.111452828737489	15.135865666667
84	4.113282343296163	14.790922333333
85	4.115241531911263	14.454043666667
86	4.117117475128335	14.124980666667
87	4.119222787912747	13.803933666667
88	4.121269210628282	13.490022
89	4.123319102492173	13.183012666666999
90	4.125266678811737	12.881784333333002
91	4.1273484966618765	12.589117333333002
92	4.129484058294449	12.302708333333001
93	4.1316317186473235	12.022959666667
94	4.1338008005051385	11.748807333333001
95	4.135912143695757	11.481967666666998
96	4.138131494493737	11.219967333333
97	4.140514747001584	10.964803
98	4.142616993920583	10.714987333333
99	4.144938498936504	10.471111333333
100	4.147161429115252	10.233103333333
101	4.149637897047795	9.999929
102	4.152022385027386	9.7723823333333
103	4.1544249470044745	9.5499816666667
104	4.156842024667412	9.3325246666667
105	4.159275580694969	9.120084
106	4.1616842531193905	8.9123843333333
107	4.164352003059265	8.709503999999999
108	4.166760144978343	8.5114096666667
109	4.169431968556213	8.317629666666699
110	4.171983347413443	8.12832
111	4.174665797142473	7.943275333333401
112	4.177286258837225	7.76245
113	4.180048991925079	7.585812666666699
114	4.182718438161352	7.4130996666666995
115	4.1853971202881235	7.244413666666699
116	4.188278711274789	7.0794566666667
117	4.191358015930143	6.9075013333333
118	4.194079589363763	6.758989
119	4.196448526578941	6.652382000000001
120	4.199966003826825	6.456274
121	4.2029221223557505	6.309762999999999
122	4.205931315782943	6.1657393333333
123	4.209020638398397	6.024938
124	4.212091382863555	5.8880989999999995
125	4.215283322296335	5.7543056666667
126	4.218318715239435	5.6235026666667
127	4.221625951523259	5.4953066666667
128	4.224808856896659	5.370525
129	4.228019396853508	5.248586
130	4.231380488054773	5.128150333333401
131	4.234837959225806	5.012082
132	4.238158059688502	4.897636
133	4.241548389761528	4.7860656666667
134	4.245056361398168	4.6776006666667005
135	4.24855409629802	4.570894
136	4.251971570628691	4.4671076666667
137	4.255713026168487	4.36488
138	4.259382054927308	4.265727
139	4.263180660880106	4.1692029999999995
140	4.266906845384205	4.0733526666667
141	4.270825485707948	3.981747
142	4.274778346790879	3.8904629999999996
143	4.278734689683132	3.8019736666667003
144	4.2826189713868725	3.7154870000000004
145	4.2866382410552015	3.6304866666667004
146	4.290656750800536	3.5479386666667003
147	4.294735030763624	3.4677223333333
148	4.298796359812262	3.3877793333332997
149	4.303126391862602	3.3115086666667004
150	4.307331887794978	3.2364906666667004
151	4.31155271141922	3.162509
152	4.315854902894016	3.0903256666667
153	4.320012493106781	3.0201683333332996
154	4.3243949936534465	2.951324
155	4.328905562741636	2.8839713333333
156	4.333348158059748	2.8184613333332997
157	4.33778698501428	2.7546316666667003
158	4.342452935617255	2.6916863333333
159	4.3469403223003535	2.6303073333333
160	4.356154309007672	2.5126313333333
161	4.3609187474963615	2.454644
162	4.365893835578048	2.3981546666667004
163	4.3710485619193165	2.3440823333333
164	4.37540872260364	2.290713
165	4.380204920268147	2.2383610000000003
166	4.385212597018817	2.187445
167	4.3900272661017805	2.1380213333333002
168	4.395066181183016	2.0897153333333
169	4.400077473752238	2.0416746666667
170	4.40510982188596	1.9954226666666999
171	4.410153211483849	1.9500663333333002
172	4.415220686183494	1.9056773333333001
173	4.420325566952256	1.8619883333333
174	4.428856295378004	1.7999536666667